1970,0,0,2,1,1,14,68,13,29,1,0
1970,0,0,1,1,6,7,45,13,10,0,0
1970,1,0,5,4,1,10,54,13,5,1,0
1970,1,0,8,1,3,7,46,6,16,0,0
1970,1,0,4,1,7,7,46,8,3,0,0
1970,1,1,1,1,2,3,22,5,5,0,0
1970,1,2,3,1,1,3,25,5,2,0,0
1970,1,2,1,1,3,21,107,6,16,0,0
1970,1,2,1,1,7,4,28,8,20,0,0
1970,1,3,1,1,7,2,21,8,20,0,0
1970,1,1,1,1,3,4,27,6,16,0,0
1970,1,6,1,1,7,4,28,8,20,0,0
1970,1,8,8,1,4,6,42,5,4,0,0
1970,1,9,1,1,7,2,21,8,20,0,0
1970,1,9,1,1,7,1,7,8,18,0,0
1970,1,10,9,1,3,2,91,6,16,0,0
1970,1,11,11,5,9,4,33,13,26,1,0
1970,1,12,1,1,3,8,49,6,11,0,0
1970,1,12,1,1,3,1,4,6,16,0,0
1970,1,13,1,1,7,1,7,8,20,0,0
